
1.9998380410274386
1.9998380411757233
1.9998380413240067
1.9998380414722905
1.999838041620574
1.999838041768857
1.9998380419171395
1.9998380420654216
1.9998380422137032
1.9998380423619844
1.999838042510265
1.9998380426585456
1.9998380428068259
1.9998380429551053
1.9998380431033842
1.9998380432516631
1.9998380433999414
1.9998380435482193
1.999838043696497
1.9998380438447743
1.9998380439930505
1.9998380441413273
1.9998380442896035
1.9998380444378792
1.999838044586154
1.9998380447344286
1.9998380448827031
1.9998380450309772
1.9998380451792508
1.9998380453275235
1.999838045475797
1.9998380456240687
1.9998380457723406
1.999838045920612
1.999838046068883
1.9998380462171534
1.999838046365424
1.9998380465136942
1.9998380466619634
1.9998380468102321
1.9998380469585009
1.9998380471067687
1.9998380472550372
1.9998380474033044
1.9998380475515711
1.999838047699838
1.9998380478481042
1.9998380479963698
1.999838048144635
1.9998380482929003
1.9998380484411646
1.999838048589429
1.9998380487376923
1.9998380488859557
1.9998380490342194
1.9998380491824812
1.9998380493307435
1.9998380494790051
1.9998380496272667
1.999838049775527
1.9998380499237878
1.9998380500720478
1.999838050220307
1.9998380503685667
1.9998380505168256
1.9998380506650837
1.9998380508133422
1.9998380509615994
1.9998380511098568
1.999838051258114
1.9998380514063698
1.9998380515546257
1.9998380517028815
1.9998380518511367
1.999838051999391
1.9998380521476462
1.9998380522958998
1.9998380524441535
1.9998380525924067
1.999838052740659
1.999838052888912
1.9998380530371636
1.9998380531854147
1.9998380533336662
1.9998380534819167
1.9998380536301674
1.9998380537784168
1.9998380539266671
1.9998380540749154
1.9998380542231644
1.999838054371413
1.9998380545196603
1.9998380546679078
1.9998380548161552
1.9998380549644015
1.999838055112648
1.9998380552608936
1.999838055409139
1.999838055557384
1.9998380557056286